0.100557 0.100552 0.100471 0.100471 0.100132 0.0996794 0.099669 0.0995978 0.0995976 0.0992734
0.100315 0.100218 0.100218 0.100077 0.0999834 0.0999738 0.0999017 0.0999015 0.0998348 0.0995772
0.100564 0.100563 0.100468 0.100468 0.100089 0.0997028 0.0997028 0.0996072 0.099607 0.0992281
0.100751 0.10075 0.100656 0.100656 0.100278 0.0995139 0.0995139 0.0994192 0.099419 0.0990432
0.100936 0.100935 0.100841 0.100841 0.100466 0.0993268 0.0993268 0.0992329 0.0992328 0.0988608
0.101119 0.101118 0.101025 0.101025 0.100653 0.0991413 0.0991413 0.0990485 0.0990484 0.0986807
0.1013 0.101299 0.101207 0.101207 0.100838 0.0989574 0.0989574 0.0988659 0.0988658 0.0985028
0.101479 0.101479 0.101387 0.101387 0.101022 0.0987752 0.0987752 0.0986849 0.0986849 0.0983271
0.10041 0.100408 0.100352 0.100352 0.100122 0.0997497 0.0997461 0.099694 0.099694 0.0994729
0.100316 0.100314 0.100258 0.100258 0.100029 0.0998434 0.0998399 0.0997878 0.0997877 0.0995666
0.100204 0.100151 0.100151 0.100059 0.0999907 0.0999907 0.0999298 0.0999263 0.0999262 0.0996706
0.100379 0.100379 0.100315 0.100315 0.10006 0.0998 0.0998 0.0997359 0.0997358 0.0994812
0.100474 0.100474 0.10041 0.10041 0.100156 0.0997045 0.0997045 0.0996406 0.0996405 0.0993869
0.100568 0.100568 0.100505 0.100504 0.100251 0.0996093 0.0996093 0.0995457 0.0995457 0.0992932
0.100662 0.100662 0.100599 0.100599 0.100346 0.0995146 0.0995146 0.0994514 0.0994513 0.0992001
0.100756 0.100756 0.100692 0.100692 0.100441 0.0994204 0.0994204 0.0993574 0.0993574 0.0991076
0.100849 0.100848 0.100785 0.100785 0.100535 0.0993266 0.0993266 0.099264 0.099264 0.0990157
0.100941 0.100941 0.100878 0.100878 0.100629 0.0992332 0.0992332 0.099171 0.099171 0.0989243
0.101033 0.101033 0.10097 0.10097 0.100723 0.0991402 0.0991402 0.0990785 0.0990785 0.0988336
0.101124 0.101124 0.101062 0.101062 0.100816 0.0990477 0.0990477 0.0989865 0.0989865 0.0987434
0.101215 0.101215 0.101153 0.101153 0.100909 0.0989557 0.0989557 0.0988949 0.0988949 0.0986538
0.101305 0.101305 0.101244 0.101244 0.101001 0.098864 0.098864 0.0988038 0.0988038 0.0985648
0.101395 0.101395 0.101334 0.101334 0.101093 0.0987728 0.0987728 0.0987132 0.0987131 0.0984763
0.101485 0.101484 0.101424 0.101424 0.101184 0.0986821 0.0986821 0.098623 0.0986229 0.0983883
0.100259 0.100259 0.100224 0.100224 0.100084 0.0998374 0.0998369 0.0998035 0.0998035 0.0996684
0.100211 0.100211 0.100176 0.100176 0.100037 0.0998852 0.0998847 0.0998513 0.0998513 0.0997161
0.100175 0.100146 0.100146 0.100021 0.100006 0.099949 0.0999484 0.099915 0.099915 0.0997798
0.100194 0.100156 0.100156 0.100152 0.100002 0.099922 0.099922 0.0998833 0.0998833 0.0997295
0.100238 0.100238 0.1002 0.1002 0.100046 0.0998696 0.0998696 0.0998309 0.0998309 0.0996773
0.100286 0.100286 0.100248 0.100248 0.100095 0.0998214 0.0998214 0.0997828 0.0997828 0.0996294
0.100334 0.100334 0.100296 0.100296 0.100143 0.0997734 0.0997734 0.0997349 0.0997349 0.0995817
0.100382 0.100382 0.100343 0.100343 0.100191 0.0997255 0.0997255 0.099687 0.099687 0.0995342
0.100429 0.100429 0.100391 0.100391 0.100238 0.0996777 0.0996777 0.0996393 0.0996393 0.0994868
0.100477 0.100477 0.100439 0.100439 0.100286 0.09963 0.09963 0.0995917 0.0995917 0.0994396
0.100524 0.100524 0.100486 0.100486 0.100334 0.0995825 0.0995825 0.0995443 0.0995443 0.0993925
0.100571 0.100571 0.100533 0.100533 0.100381 0.099535 0.099535 0.0994969 0.0994969 0.0993455
0.100619 0.100619 0.10058 0.10058 0.100429 0.0994877 0.0994877 0.0994497 0.0994497 0.0992987
0.100665 0.100665 0.100627 0.100627 0.100476 0.0994405 0.0994405 0.0994026 0.0994026 0.0992521
0.100712 0.100712 0.100674 0.100674 0.100523 0.0993934 0.0993934 0.0993556 0.0993556 0.0992056
0.100759 0.100759 0.100721 0.100721 0.10057 0.0993464 0.0993464 0.0993088 0.0993088 0.0991592
0.100806 0.100805 0.100768 0.100768 0.100617 0.0992996 0.0992996 0.0992621 0.099262 0.099113
0.100852 0.100852 0.100814 0.100814 0.100664 0.0992528 0.0992528 0.0992155 0.0992154 0.099067
0.100898 0.100898 0.100861 0.100861 0.100711 0.0992062 0.0992062 0.099169 0.0991689 0.0990211
0.100944 0.100944 0.100907 0.100907 0.100758 0.0991597 0.0991597 0.0991226 0.0991226 0.0989753
0.10099 0.10099 0.100953 0.100953 0.100804 0.0991133 0.0991133 0.0990764 0.0990763 0.0989296
0.101036 0.101036 0.100999 0.100999 0.100851 0.099067 0.099067 0.0990302 0.0990302 0.0988841
0.101082 0.101082 0.101045 0.101045 0.100897 0.0990208 0.0990208 0.0989842 0.0989842 0.0988388
0.101128 0.101128 0.101091 0.101091 0.100944 0.0989748 0.0989748 0.0989384 0.0989383 0.0987936
0.101173 0.101173 0.101136 0.101136 0.10099 0.0989288 0.0989288 0.0988926 0.0988926 0.0987485
0.101219 0.101218 0.101182 0.101182 0.101036 0.098883 0.098883 0.098847 0.0988469 0.0987035
0.101264 0.101264 0.101227 0.101227 0.101082 0.0988373 0.0988373 0.0988014 0.0988014 0.0986587
0.101309 0.101309 0.101272 0.101272 0.101128 0.0987917 0.0987917 0.098756 0.098756 0.098614
0.101354 0.101354 0.101318 0.101318 0.101174 0.0987463 0.0987463 0.0987108 0.0987107 0.0985695
0.101399 0.101399 0.101363 0.101363 0.101219 0.0987009 0.0987009 0.0986656 0.0986655 0.0985251
0.101444 0.101443 0.101408 0.101407 0.101265 0.0986557 0.0986557 0.0986206 0.0986205 0.0984808
0.101488 0.101488 0.101452 0.101452 0.10131 0.0986106 0.0986106 0.0985756 0.0985756 0.0984366
0.100148 0.100148 0.100128 0.100128 0.10005 0.0999063 0.0999059 0.0998868 0.0998868 0.0998109
0.100124 0.100124 0.100104 0.100104 0.100026 0.0999305 0.0999301 0.099911 0.099911 0.099835
0.1001 0.1001 0.10008 0.10008 0.100002 0.0999545 0.099954 0.099935 0.0999349 0.099859
0.100072 0.100053 0.100053 0.100019 0.0999954 0.0999954 0.0999769 0.0999738 0.0999738 0.0998881
0.100119 0.100119 0.100098 0.100098 0.100013 0.0999407 0.0999407 0.0999191 0.0999191 0.0998334
0.100144 0.100144 0.100122 0.100122 0.100037 0.0999165 0.0999165 0.0998949 0.0998949 0.0998093
0.100168 0.100168 0.100146 0.100146 0.100061 0.0998923 0.0998923 0.0998707 0.0998707 0.0997851
0.100192 0.100192 0.10017 0.10017 0.100085 0.0998681 0.0998681 0.0998466 0.0998466 0.099761
0.100216 0.100216 0.100195 0.100194 0.100109 0.0998439 0.0998439 0.0998225 0.0998224 0.099737
0.10024 0.10024 0.100219 0.100219 0.100133 0.0998198 0.0998198 0.0997984 0.0997984 0.099713
0.100264 0.100264 0.100243 0.100243 0.100157 0.0997958 0.0997958 0.0997743 0.0997743 0.099689
0.100288 0.100288 0.100267 0.100267 0.100181 0.0997717 0.0997717 0.0997503 0.0997503 0.099665
0.100312 0.100312 0.100291 0.100291 0.100205 0.0997477 0.0997477 0.0997263 0.0997263 0.0996411
0.100336 0.100336 0.100315 0.100315 0.100229 0.0997237 0.0997237 0.0997023 0.0997023 0.0996172
0.10036 0.10036 0.100338 0.100338 0.100253 0.0996998 0.0996998 0.0996784 0.0996784 0.0995934
0.100384 0.100384 0.100362 0.100362 0.100277 0.0996759 0.0996759 0.0996545 0.0996545 0.0995696
0.100408 0.100408 0.100386 0.100386 0.100301 0.099652 0.099652 0.0996307 0.0996306 0.0995458
0.100431 0.100431 0.10041 0.10041 0.100325 0.0996281 0.0996281 0.0996068 0.0996068 0.0995221
0.100455 0.100455 0.100434 0.100434 0.100349 0.0996043 0.0996043 0.099583 0.099583 0.0994984
0.100479 0.100479 0.100458 0.100458 0.100373 0.0995805 0.0995805 0.0995593 0.0995593 0.0994747
0.100503 0.100503 0.100481 0.100481 0.100397 0.0995568 0.0995568 0.0995356 0.0995355 0.0994511
0.100526 0.100526 0.100505 0.100505 0.10042 0.099533 0.099533 0.0995119 0.0995118 0.0994275
0.10055 0.10055 0.100529 0.100529 0.100444 0.0995093 0.0995093 0.0994882 0.0994882 0.099404
0.100574 0.100573 0.100552 0.100552 0.100468 0.0994857 0.0994857 0.0994646 0.0994645 0.0993805
0.100597 0.100597 0.100576 0.100576 0.100491 0.099462 0.099462 0.0994409 0.0994409 0.099357
0.100621 0.100621 0.100599 0.100599 0.100515 0.0994384 0.0994384 0.0994174 0.0994173 0.0993336
0.100644 0.100644 0.100623 0.100623 0.100539 0.0994149 0.0994149 0.0993938 0.0993938 0.0993102
0.100668 0.100667 0.100646 0.100646 0.100562 0.0993913 0.0993913 0.0993703 0.0993703 0.0992868
0.100691 0.100691 0.10067 0.10067 0.100586 0.0993678 0.0993678 0.0993469 0.0993468 0.0992635
0.100714 0.100714 0.100693 0.100693 0.100609 0.0993443 0.0993443 0.0993234 0.0993234 0.0992402
0.100738 0.100738 0.100717 0.100717 0.100633 0.0993209 0.0993209 0.0993 0.0993 0.0992169
0.100761 0.100761 0.10074 0.10074 0.100656 0.0992975 0.0992975 0.0992766 0.0992766 0.0991937
0.100784 0.100784 0.100763 0.100763 0.10068 0.0992741 0.0992741 0.0992533 0.0992532 0.0991705
0.100808 0.100808 0.100787 0.100787 0.100703 0.0992507 0.0992507 0.09923 0.0992299 0.0991473
0.100831 0.100831 0.10081 0.10081 0.100727 0.0992274 0.0992274 0.0992067 0.0992066 0.0991242
0.100854 0.100854 0.100833 0.100833 0.10075 0.0992041 0.0992041 0.0991834 0.0991834 0.0991011
0.100877 0.100877 0.100856 0.100856 0.100773 0.0991808 0.0991808 0.0991602 0.0991602 0.0990781
0.1009 0.1009 0.100879 0.100879 0.100797 0.0991576 0.0991576 0.099137 0.099137 0.0990551
0.100923 0.100923 0.100903 0.100902 0.10082 0.0991344 0.0991344 0.0991138 0.0991138 0.0990321
0.100946 0.100946 0.100926 0.100926 0.100843 0.0991112 0.0991112 0.0990907 0.0990907 0.0990091
0.100969 0.100969 0.100949 0.100949 0.100866 0.0990881 0.0990881 0.0990676 0.0990676 0.0989862
0.100992 0.100992 0.100972 0.100972 0.100889 0.099065 0.099065 0.0990446 0.0990445 0.0989633
0.101015 0.101015 0.100995 0.100995 0.100913 0.0990419 0.0990419 0.0990215 0.0990215 0.0989405
0.101038 0.101038 0.101018 0.101018 0.100936 0.0990188 0.0990188 0.0989985 0.0989985 0.0989177
0.101061 0.101061 0.101041 0.101041 0.100959 0.0989958 0.0989958 0.0989755 0.0989755 0.0988949
0.101084 0.101084 0.101064 0.101064 0.100982 0.0989728 0.0989728 0.0989526 0.0989526 0.0988721
0.101107 0.101107 0.101086 0.101086 0.101005 0.0989499 0.0989499 0.0989297 0.0989297 0.0988494
0.10113 0.10113 0.101109 0.101109 0.101028 0.0989269 0.0989269 0.0989068 0.0989068 0.0988268
0.101152 0.101152 0.101132 0.101132 0.101051 0.098904 0.098904 0.098884 0.0988839 0.0988041
0.101175 0.101175 0.101155 0.101155 0.101074 0.0988812 0.0988812 0.0988611 0.0988611 0.0987815
0.101198 0.101198 0.101178 0.101178 0.101097 0.0988583 0.0988583 0.0988384 0.0988383 0.0987589
0.101221 0.101221 0.1012 0.1012 0.10112 0.0988355 0.0988355 0.0988156 0.0988156 0.0987364
0.101243 0.101243 0.101223 0.101223 0.101143 0.0988127 0.0988127 0.0987929 0.0987929 0.0987139
0.101266 0.101266 0.101246 0.101246 0.101165 0.09879 0.09879 0.0987702 0.0987702 0.0986914
0.101288 0.101288 0.101268 0.101268 0.101188 0.0987673 0.0987673 0.0987475 0.0987475 0.0986689
0.101311 0.101311 0.101291 0.101291 0.101211 0.0987446 0.0987446 0.0987249 0.0987249 0.0986465
0.101334 0.101333 0.101313 0.101313 0.101234 0.0987219 0.0987219 0.0987023 0.0987023 0.0986241
0.101356 0.101356 0.101336 0.101336 0.101256 0.0986993 0.0986993 0.0986797 0.0986797 0.0986018
0.101378 0.101378 0.101358 0.101358 0.101279 0.0986767 0.0986767 0.0986572 0.0986572 0.0985795
0.101401 0.101401 0.101381 0.101381 0.101302 0.0986541 0.0986541 0.0986347 0.0986346 0.0985572
0.101423 0.101423 0.101403 0.101403 0.101324 0.0986316 0.0986316 0.0986122 0.0986122 0.0985349
0.101446 0.101446 0.101426 0.101426 0.101347 0.0986091 0.0986091 0.0985897 0.0985897 0.0985127
0.101468 0.101468 0.101448 0.101448 0.10137 0.0985866 0.0985866 0.0985673 0.0985673 0.0984905
0.10149 0.10149 0.10147 0.10147 0.101392 0.0985642 0.0985642 0.0985449 0.0985449 0.0984684
0.100839 0.100692 0.100392 0.100391 0.100098 0.100092 0.0995231 0.0995229 0.09923 0.0992197
0.100257 0.100257 0.100173 0.100168 0.0999676 0.0999676 0.0999468 0.0999466 0.0996632 0.0996532
0.10077 0.100676 0.100391 0.100391 0.100106 0.100105 0.0995337 0.0995335 0.0992472 0.0992472
0.101293 0.10054 0.10054 0.100446 0.100257 0.100256 0.0993095 0.0993093 0.0990245 0.0990245
0.101811 0.100688 0.100688 0.100406 0.100405 0.100219 0.0990878 0.0990876 0.098804 0.098804
0.10199 0.100871 0.100871 0.100591 0.10059 0.100032 0.0989051 0.0989049 0.0986224 0.0986224
0.102167 0.101053 0.101053 0.100774 0.100773 0.0998475 0.0987243 0.0987241 0.0984425 0.0984425
0.102342 0.101233 0.101233 0.100954 0.100954 0.0996653 0.0985453 0.0985451 0.0982643 0.0982643
0.10072 0.100285 0.100285 0.10017 0.10015 0.100149 0.0996288 0.0996287 0.0994933 0.0994901
0.100458 0.100271 0.10021 0.10021 0.100078 0.100077 0.099741 0.0997409 0.0996082 0.099605
0.100169 0.100169 0.100135 0.100135 0.100004 0.100001 0.0999113 0.0999112 0.0997822 0.0997822
0.100577 0.100257 0.100257 0.100193 0.100128 0.100128 0.0996793 0.0996792 0.0995508 0.0995508
0.100843 0.100333 0.100332 0.100205 0.100205 0.100078 0.0995654 0.0995653 0.0994372 0.0994372
0.100936 0.100427 0.100427 0.1003 0.1003 0.0999821 0.099471 0.0994709 0.0993431 0.0993431
0.101029 0.100521 0.100521 0.100394 0.100394 0.0998873 0.0993771 0.099377 0.0992494 0.0992494
0.101122 0.100615 0.100615 0.100488 0.100488 0.0997931 0.0992836 0.0992836 0.0991561 0.0991561
0.101214 0.100708 0.100708 0.100582 0.100581 0.0996995 0.0991907 0.0991906 0.0990633 0.0990633
0.101305 0.100801 0.100801 0.100674 0.100674 0.0996065 0.0990982 0.0990981 0.098971 0.098971
0.101397 0.100893 0.100893 0.100767 0.100767 0.0995141 0.0990061 0.0990061 0.098879 0.098879
0.101488 0.100985 0.100984 0.100859 0.100859 0.0994222 0.0989145 0.0989145 0.0987875 0.0987875
0.101578 0.101076 0.101076 0.10095 0.10095 0.099331 0.0988234 0.0988234 0.0986964 0.0986964
0.101669 0.101166 0.101166 0.101041 0.101041 0.0992403 0.0987328 0.0987327 0.0986058 0.0986058
0.101758 0.101257 0.101257 0.101131 0.101131 0.0991501 0.0986426 0.0986425 0.0985155 0.0985155
0.101848 0.101346 0.101346 0.101221 0.101221 0.0990605 0.0985528 0.0985528 0.0984258 0.0984258
0.100433 0.100185 0.100185 0.100124 0.100123 0.100015 0.0997649 0.0997649 0.0997026 0.0997023
0.100349 0.100141 0.100141 0.10008 0.10008 0.100064 0.0998167 0.0998166 0.099755 0.0997548
0.100122 0.100122 0.100094 0.100094 0.100062 0.100062 0.0998916 0.0998916 0.0998307 0.0998304
0.100199 0.100129 0.100129 0.10009 0.100071 0.100071 0.099857 0.099857 0.0997987 0.0997987
0.100394 0.100161 0.100161 0.100103 0.100102 0.100026 0.0997926 0.0997926 0.0997344 0.0997344
0.100441 0.100209 0.100209 0.100151 0.100151 0.0999774 0.0997447 0.0997446 0.0996865 0.0996865
0.100489 0.100257 0.100257 0.100199 0.100199 0.0999292 0.0996968 0.0996968 0.0996388 0.0996388
0.100536 0.100304 0.100304 0.100247 0.100247 0.0998813 0.0996491 0.0996491 0.0995911 0.0995911
0.100583 0.100352 0.100352 0.100294 0.100294 0.0998334 0.0996015 0.0996015 0.0995436 0.0995436
0.100631 0.1004 0.1004 0.100342 0.100342 0.0997858 0.099554 0.099554 0.0994962 0.0994962
0.100678 0.100447 0.100447 0.100389 0.100389 0.0997382 0.0995067 0.0995067 0.0994489 0.0994489
0.100725 0.100494 0.100494 0.100437 0.100437 0.0996909 0.0994595 0.0994594 0.0994017 0.0994017
0.100772 0.100541 0.100541 0.100484 0.100484 0.0996436 0.0994124 0.0994123 0.0993546 0.0993546
0.100818 0.100588 0.100588 0.100531 0.100531 0.0995966 0.0993654 0.0993654 0.0993076 0.0993076
0.100865 0.100635 0.100635 0.100578 0.100578 0.0995496 0.0993185 0.0993185 0.0992608 0.0992608
0.100912 0.100682 0.100682 0.100625 0.100625 0.0995029 0.0992718 0.0992718 0.0992141 0.0992141
0.100958 0.100729 0.100729 0.100672 0.100671 0.0994562 0.0992252 0.0992251 0.0991675 0.0991675
0.101005 0.100775 0.100775 0.100718 0.100718 0.0994097 0.0991787 0.0991787 0.099121 0.099121
0.101051 0.100822 0.100822 0.100764 0.100764 0.0993634 0.0991323 0.0991323 0.0990746 0.0990746
0.101097 0.100868 0.100868 0.100811 0.100811 0.0993172 0.0990861 0.099086 0.0990283 0.0990283
0.101143 0.100914 0.100914 0.100857 0.100857 0.0992711 0.0990399 0.0990399 0.0989822 0.0989822
0.101189 0.10096 0.10096 0.100903 0.100903 0.0992252 0.0989939 0.0989939 0.0989361 0.0989361
0.101235 0.101006 0.101006 0.100949 0.100949 0.0991794 0.098948 0.098948 0.0988902 0.0988902
0.101281 0.101052 0.101052 0.100995 0.100994 0.0991338 0.0989023 0.0989022 0.0988444 0.0988444
0.101326 0.101097 0.101097 0.10104 0.10104 0.0990883 0.0988566 0.0988566 0.0987987 0.0987987
0.101372 0.101143 0.101143 0.101086 0.101086 0.0990429 0.0988111 0.098811 0.0987532 0.0987532
0.101417 0.101188 0.101188 0.101131 0.101131 0.0989977 0.0987657 0.0987656 0.0987077 0.0987077
0.101463 0.101233 0.101233 0.101176 0.101176 0.0989526 0.0987204 0.0987203 0.0986624 0.0986624
0.101508 0.101279 0.101279 0.101221 0.101221 0.0989076 0.0986752 0.0986752 0.0986171 0.0986171
0.101553 0.101324 0.101324 0.101266 0.101266 0.0988628 0.0986302 0.0986301 0.098572 0.098572
0.101598 0.101369 0.101368 0.101311 0.101311 0.0988181 0.0985852 0.0985852 0.098527 0.098527
0.101643 0.101413 0.101413 0.101356 0.101356 0.0987735 0.0985404 0.0985404 0.0984822 0.0984822
0.100225 0.100109 0.100109 0.10008 0.10008 0.0999854 0.0998674 0.0998674 0.0998387 0.0998379
0.1002 0.100085 0.100085 0.100056 0.100056 0.100009 0.0998916 0.0998916 0.0998631 0.0998623
0.100149 0.100064 0.100064 0.100036 0.100035 0.100035 0.0999187 0.0999186 0.0998903 0.0998896
0.100062 0.100062 0.100038 0.100038 0.100009 0.100009 0.0999591 0.0999591 0.099932 0.099932
0.100187 0.100078 0.100078 0.100051 0.100051 0.100008 0.0998998 0.0998998 0.0998727 0.0998727
0.100211 0.100103 0.100103 0.100076 0.100075 0.0999841 0.0998756 0.0998756 0.0998486 0.0998486
0.100235 0.100127 0.100127 0.1001 0.1001 0.0999599 0.0998515 0.0998514 0.0998244 0.0998244
0.100259 0.100151 0.100151 0.100124 0.100124 0.0999357 0.0998273 0.0998273 0.0998003 0.0998003
0.100283 0.100175 0.100175 0.100148 0.100148 0.0999115 0.0998033 0.0998032 0.0997762 0.0997762
0.100307 0.100199 0.100199 0.100172 0.100172 0.0998874 0.0997792 0.0997792 0.0997522 0.0997522
0.100331 0.100223 0.100223 0.100196 0.100196 0.0998633 0.0997552 0.0997551 0.0997282 0.0997282
0.100355 0.100247 0.100247 0.10022 0.10022 0.0998392 0.0997312 0.0997311 0.0997042 0.0997042
0.100379 0.100271 0.100271 0.100244 0.100244 0.0998152 0.0997072 0.0997072 0.0996803 0.0996803
0.100403 0.100295 0.100295 0.100268 0.100268 0.0997912 0.0996833 0.0996833 0.0996564 0.0996564
0.100427 0.100319 0.100319 0.100292 0.100292 0.0997673 0.0996594 0.0996594 0.0996325 0.0996325
0.100451 0.100343 0.100343 0.100316 0.100316 0.0997433 0.0996355 0.0996355 0.0996086 0.0996086
0.100474 0.100367 0.100367 0.10034 0.10034 0.0997195 0.0996117 0.0996117 0.0995848 0.0995848
0.100498 0.100391 0.10039 0.100364 0.100364 0.0996956 0.0995879 0.0995879 0.099561 0.099561
0.100522 0.100414 0.100414 0.100388 0.100388 0.0996718 0.0995641 0.0995641 0.0995373 0.0995373
0.100545 0.100438 0.100438 0.100411 0.100411 0.0996481 0.0995404 0.0995404 0.0995135 0.0995135
0.100569 0.100462 0.100462 0.100435 0.100435 0.0996243 0.0995167 0.0995167 0.0994898 0.0994898
0.100593 0.100485 0.100485 0.100459 0.100459 0.0996006 0.099493 0.099493 0.0994662 0.0994662
0.100616 0.100509 0.100509 0.100482 0.100482 0.099577 0.0994694 0.0994694 0.0994425 0.0994425
0.10064 0.100533 0.100533 0.100506 0.100506 0.0995534 0.0994458 0.0994458 0.0994189 0.0994189
0.100663 0.100556 0.100556 0.10053 0.10053 0.0995298 0.0994222 0.0994222 0.0993954 0.0993954
0.100687 0.10058 0.10058 0.100553 0.100553 0.0995062 0.0993987 0.0993986 0.0993718 0.0993718
0.10071 0.100603 0.100603 0.100577 0.100577 0.0994827 0.0993752 0.0993751 0.0993483 0.0993483
0.100734 0.100627 0.100627 0.1006 0.1006 0.0994593 0.0993517 0.0993517 0.0993248 0.0993248
0.100757 0.10065 0.10065 0.100624 0.100624 0.0994358 0.0993282 0.0993282 0.0993014 0.0993014
0.100781 0.100674 0.100674 0.100647 0.100647 0.0994124 0.0993048 0.0993048 0.099278 0.099278
0.100804 0.100697 0.100697 0.100671 0.10067 0.099389 0.0992814 0.0992814 0.0992546 0.0992546
0.100827 0.10072 0.10072 0.100694 0.100694 0.0993657 0.0992581 0.0992581 0.0992312 0.0992312
0.100851 0.100744 0.100744 0.100717 0.100717 0.0993424 0.0992348 0.0992347 0.0992079 0.0992079
0.100874 0.100767 0.100767 0.10074 0.10074 0.0993191 0.0992115 0.0992114 0.0991846 0.0991846
0.100897 0.10079 0.10079 0.100764 0.100764 0.0992959 0.0991882 0.0991882 0.0991614 0.0991614
0.10092 0.100814 0.100813 0.100787 0.100787 0.0992727 0.099165 0.099165 0.0991381 0.0991381
0.100943 0.100837 0.100837 0.10081 0.10081 0.0992496 0.0991418 0.0991418 0.0991149 0.0991149
0.100967 0.10086 0.10086 0.100833 0.100833 0.0992264 0.0991186 0.0991186 0.0990917 0.0990917
0.10099 0.100883 0.100883 0.100856 0.100856 0.0992033 0.0990955 0.0990955 0.0990686 0.0990686
0.101013 0.100906 0.100906 0.10088 0.100879 0.0991803 0.0990724 0.0990724 0.0990455 0.0990455
0.101036 0.100929 0.100929 0.100903 0.100902 0.0991573 0.0990493 0.0990493 0.0990224 0.0990224
0.101059 0.100952 0.100952 0.100926 0.100926 0.0991343 0.0990263 0.0990263 0.0989994 0.0989994
0.101082 0.100975 0.100975 0.100949 0.100949 0.0991113 0.0990033 0.0990033 0.0989763 0.0989763
0.101105 0.100998 0.100998 0.100972 0.100971 0.0990884 0.0989803 0.0989803 0.0989533 0.0989533
0.101128 0.101021 0.101021 0.100994 0.100994 0.0990655 0.0989574 0.0989573 0.0989304 0.0989304
0.101151 0.101044 0.101044 0.101017 0.101017 0.0990427 0.0989345 0.0989344 0.0989075 0.0989075
0.101174 0.101067 0.101067 0.10104 0.10104 0.0990199 0.0989116 0.0989115 0.0988846 0.0988846
0.101197 0.10109 0.10109 0.101063 0.101063 0.0989971 0.0988887 0.0988887 0.0988617 0.0988617
0.10122 0.101113 0.101112 0.101086 0.101086 0.0989743 0.0988659 0.0988659 0.0988389 0.0988389
0.101242 0.101135 0.101135 0.101109 0.101109 0.0989516 0.0988431 0.0988431 0.098816 0.098816
0.101265 0.101158 0.101158 0.101131 0.101131 0.0989289 0.0988204 0.0988203 0.0987933 0.0987933
0.101288 0.101181 0.101181 0.101154 0.101154 0.0989063 0.0987976 0.0987976 0.0987705 0.0987705
0.101311 0.101203 0.101203 0.101177 0.101177 0.0988837 0.0987749 0.0987749 0.0987478 0.0987478
0.101333 0.101226 0.101226 0.101199 0.101199 0.0988611 0.0987523 0.0987522 0.0987251 0.0987251
0.101356 0.101249 0.101249 0.101222 0.101222 0.0988385 0.0987296 0.0987296 0.0987025 0.0987025
0.101379 0.101271 0.101271 0.101245 0.101245 0.098816 0.098707 0.098707 0.0986798 0.0986798
0.101401 0.101294 0.101294 0.101267 0.101267 0.0987935 0.0986845 0.0986844 0.0986572 0.0986572
0.101424 0.101316 0.101316 0.10129 0.10129 0.0987711 0.0986619 0.0986619 0.0986347 0.0986347
0.101446 0.101339 0.101339 0.101312 0.101312 0.0987487 0.0986394 0.0986394 0.0986121 0.0986121
0.101469 0.101361 0.101361 0.101335 0.101334 0.0987263 0.0986169 0.0986169 0.0985896 0.0985896
0.101491 0.101384 0.101384 0.101357 0.101357 0.0987039 0.0985945 0.0985944 0.0985672 0.0985672
0.101514 0.101406 0.101406 0.101379 0.101379 0.0986816 0.098572 0.098572 0.0985447 0.0985447
0.101536 0.101429 0.101429 0.101402 0.101402 0.0986593 0.0985497 0.0985496 0.0985223 0.0985223
0.101559 0.101451 0.101451 0.101424 0.101424 0.098637 0.0985273 0.0985273 0.0984999 0.0984999
0.100557 0.100552 0.100471 0.100471 0.100132 0.0996794 0.099669 0.0995978 0.0995976 0.0992734
0.100315 0.100218 0.100218 0.100077 0.0999834 0.0999734 0.0999018 0.0999016 0.0998348 0.0995772
0.100564 0.100563 0.100468 0.100468 0.100089 0.0997028 0.0997028 0.0996072 0.099607 0.0992281
0.100751 0.10075 0.100656 0.100656 0.100278 0.0995139 0.0995139 0.0994192 0.099419 0.0990432
0.100936 0.100935 0.100841 0.100841 0.100466 0.0993268 0.0993268 0.099233 0.0992328 0.0988608
0.101119 0.101118 0.101025 0.101025 0.100653 0.0991413 0.0991413 0.0990486 0.0990484 0.0986807
0.1013 0.101299 0.101207 0.101207 0.100838 0.0989575 0.0989575 0.098866 0.0988658 0.0985029
0.101478 0.101478 0.101387 0.101386 0.101022 0.0987755 0.0987755 0.0986853 0.0986851 0.0983273
0.10041 0.100408 0.100352 0.100352 0.100122 0.0997497 0.0997461 0.099694 0.099694 0.0994729
0.100316 0.100314 0.100258 0.100258 0.100029 0.0998434 0.0998399 0.0997878 0.0997877 0.0995666
0.100204 0.100151 0.100151 0.100059 0.0999907 0.0999907 0.0999298 0.0999263 0.0999262 0.0996706
0.100379 0.100379 0.100315 0.100315 0.10006 0.0998 0.0998 0.0997359 0.0997358 0.0994812
0.100474 0.100474 0.10041 0.10041 0.100156 0.0997045 0.0997045 0.0996406 0.0996405 0.0993869
0.100568 0.100568 0.100505 0.100504 0.100251 0.0996093 0.0996093 0.0995457 0.0995457 0.0992932
0.100662 0.100662 0.100599 0.100599 0.100346 0.0995147 0.0995147 0.0994514 0.0994513 0.0992001
0.100756 0.100755 0.100692 0.100692 0.100441 0.0994204 0.0994204 0.0993575 0.0993574 0.0991076
0.100849 0.100848 0.100786 0.100785 0.100535 0.0993266 0.0993266 0.099264 0.099264 0.0990157
0.100941 0.100941 0.100878 0.100878 0.100629 0.0992332 0.0992332 0.0991711 0.099171 0.0989244
0.101033 0.101033 0.10097 0.10097 0.100723 0.0991403 0.0991403 0.0990786 0.0990785 0.0988336
0.101124 0.101124 0.101062 0.101062 0.100816 0.0990478 0.0990478 0.0989866 0.0989865 0.0987435
0.101215 0.101215 0.101153 0.101153 0.100909 0.0989557 0.0989557 0.098895 0.098895 0.0986539
0.101305 0.101305 0.101244 0.101244 0.101001 0.0988641 0.0988641 0.0988039 0.0988039 0.0985648
0.101395 0.101395 0.101334 0.101334 0.101093 0.0987729 0.0987729 0.0987133 0.0987132 0.0984763
0.101484 0.101484 0.101424 0.101424 0.101184 0.0986822 0.0986822 0.0986231 0.0986231 0.0983884
0.100259 0.100259 0.100224 0.100224 0.100084 0.0998374 0.0998369 0.0998035 0.0998035 0.0996684
0.100211 0.100211 0.100176 0.100176 0.100037 0.0998852 0.0998847 0.0998513 0.0998513 0.0997161
0.100175 0.100146 0.100146 0.100021 0.100006 0.099949 0.0999484 0.099915 0.099915 0.0997798
0.100194 0.100156 0.100156 0.100152 0.100002 0.099922 0.099922 0.0998833 0.0998833 0.0997295
0.100238 0.100238 0.1002 0.1002 0.100046 0.0998696 0.0998696 0.0998309 0.0998309 0.0996773
0.100286 0.100286 0.100248 0.100248 0.100095 0.0998214 0.0998214 0.0997828 0.0997828 0.0996294
0.100334 0.100334 0.100296 0.100296 0.100143 0.0997734 0.0997734 0.0997349 0.0997349 0.0995817
0.100382 0.100382 0.100343 0.100343 0.100191 0.0997255 0.0997255 0.099687 0.099687 0.0995342
0.100429 0.100429 0.100391 0.100391 0.100238 0.0996777 0.0996777 0.0996393 0.0996393 0.0994868
0.100477 0.100477 0.100439 0.100439 0.100286 0.09963 0.09963 0.0995917 0.0995917 0.0994396
0.100524 0.100524 0.100486 0.100486 0.100334 0.0995825 0.0995825 0.0995443 0.0995443 0.0993925
0.100571 0.100571 0.100533 0.100533 0.100381 0.099535 0.099535 0.0994969 0.0994969 0.0993455
0.100619 0.100619 0.10058 0.10058 0.100429 0.0994877 0.0994877 0.0994497 0.0994497 0.0992987
0.100665 0.100665 0.100627 0.100627 0.100476 0.0994405 0.0994405 0.0994026 0.0994026 0.0992521
0.100712 0.100712 0.100674 0.100674 0.100523 0.0993934 0.0993934 0.0993556 0.0993556 0.0992056
0.100759 0.100759 0.100721 0.100721 0.10057 0.0993464 0.0993464 0.0993088 0.0993088 0.0991592
0.100805 0.100805 0.100768 0.100768 0.100617 0.0992996 0.0992996 0.0992621 0.0992621 0.099113
0.100852 0.100852 0.100814 0.100814 0.100664 0.0992528 0.0992528 0.0992155 0.0992154 0.099067
0.100898 0.100898 0.100861 0.100861 0.100711 0.0992062 0.0992062 0.099169 0.099169 0.0990211
0.100944 0.100944 0.100907 0.100907 0.100758 0.0991597 0.0991597 0.0991226 0.0991226 0.0989753
0.10099 0.10099 0.100953 0.100953 0.100804 0.0991133 0.0991133 0.0990764 0.0990764 0.0989296
0.101036 0.101036 0.100999 0.100999 0.100851 0.099067 0.099067 0.0990302 0.0990302 0.0988841
0.101082 0.101082 0.101045 0.101045 0.100897 0.0990208 0.0990208 0.0989842 0.0989842 0.0988388
0.101128 0.101128 0.101091 0.101091 0.100944 0.0989748 0.0989748 0.0989384 0.0989383 0.0987936
0.101173 0.101173 0.101136 0.101136 0.10099 0.0989289 0.0989289 0.0988926 0.0988926 0.0987485
0.101219 0.101218 0.101182 0.101182 0.101036 0.098883 0.098883 0.098847 0.0988469 0.0987035
0.101264 0.101264 0.101227 0.101227 0.101082 0.0988373 0.0988373 0.0988014 0.0988014 0.0986587
0.101309 0.101309 0.101272 0.101272 0.101128 0.0987918 0.0987918 0.098756 0.098756 0.098614
0.101354 0.101354 0.101318 0.101318 0.101174 0.0987463 0.0987463 0.0987108 0.0987107 0.0985695
0.101399 0.101399 0.101363 0.101363 0.101219 0.0987009 0.0987009 0.0986656 0.0986656 0.0985251
0.101444 0.101443 0.101408 0.101407 0.101265 0.0986557 0.0986557 0.0986206 0.0986205 0.0984808
0.101488 0.101488 0.101452 0.101452 0.10131 0.0986106 0.0986106 0.0985756 0.0985756 0.0984366
0.100148 0.100148 0.100128 0.100128 0.10005 0.0999063 0.0999059 0.0998868 0.0998868 0.0998109
0.100124 0.100124 0.100104 0.100104 0.100026 0.0999305 0.0999301 0.099911 0.099911 0.099835
0.1001 0.1001 0.10008 0.10008 0.100002 0.0999545 0.099954 0.099935 0.0999349 0.099859
0.100072 0.100053 0.100053 0.100019 0.0999954 0.0999954 0.0999769 0.0999738 0.0999738 0.0998881
0.100119 0.100119 0.100098 0.100098 0.100013 0.0999407 0.0999407 0.0999191 0.0999191 0.0998334
0.100144 0.100144 0.100122 0.100122 0.100037 0.0999165 0.0999165 0.0998949 0.0998949 0.0998093
0.100168 0.100168 0.100146 0.100146 0.100061 0.0998923 0.0998923 0.0998707 0.0998707 0.0997851
0.100192 0.100192 0.10017 0.10017 0.100085 0.0998681 0.0998681 0.0998466 0.0998466 0.099761
0.100216 0.100216 0.100195 0.100194 0.100109 0.0998439 0.0998439 0.0998225 0.0998224 0.099737
0.10024 0.10024 0.100219 0.100219 0.100133 0.0998198 0.0998198 0.0997984 0.0997984 0.099713
0.100264 0.100264 0.100243 0.100243 0.100157 0.0997958 0.0997958 0.0997743 0.0997743 0.099689
0.100288 0.100288 0.100267 0.100267 0.100181 0.0997717 0.0997717 0.0997503 0.0997503 0.099665
0.100312 0.100312 0.100291 0.100291 0.100205 0.0997477 0.0997477 0.0997263 0.0997263 0.0996411
0.100336 0.100336 0.100315 0.100315 0.100229 0.0997237 0.0997237 0.0997023 0.0997023 0.0996172
0.10036 0.10036 0.100338 0.100338 0.100253 0.0996998 0.0996998 0.0996784 0.0996784 0.0995934
0.100384 0.100384 0.100362 0.100362 0.100277 0.0996759 0.0996759 0.0996545 0.0996545 0.0995696
0.100408 0.100408 0.100386 0.100386 0.100301 0.099652 0.099652 0.0996307 0.0996306 0.0995458
0.100431 0.100431 0.10041 0.10041 0.100325 0.0996281 0.0996281 0.0996068 0.0996068 0.0995221
0.100455 0.100455 0.100434 0.100434 0.100349 0.0996043 0.0996043 0.099583 0.099583 0.0994984
0.100479 0.100479 0.100458 0.100458 0.100373 0.0995805 0.0995805 0.0995593 0.0995593 0.0994747
0.100503 0.100503 0.100481 0.100481 0.100397 0.0995568 0.0995568 0.0995356 0.0995355 0.0994511
0.100526 0.100526 0.100505 0.100505 0.10042 0.099533 0.099533 0.0995119 0.0995118 0.0994275
0.10055 0.10055 0.100529 0.100529 0.100444 0.0995093 0.0995093 0.0994882 0.0994882 0.099404
0.100574 0.100573 0.100552 0.100552 0.100468 0.0994857 0.0994857 0.0994646 0.0994645 0.0993805
0.100597 0.100597 0.100576 0.100576 0.100491 0.099462 0.099462 0.0994409 0.0994409 0.099357
0.100621 0.100621 0.100599 0.100599 0.100515 0.0994384 0.0994384 0.0994174 0.0994174 0.0993336
0.100644 0.100644 0.100623 0.100623 0.100539 0.0994149 0.0994149 0.0993938 0.0993938 0.0993102
0.100668 0.100667 0.100646 0.100646 0.100562 0.0993913 0.0993913 0.0993703 0.0993703 0.0992868
0.100691 0.100691 0.10067 0.10067 0.100586 0.0993678 0.0993678 0.0993469 0.0993468 0.0992635
0.100714 0.100714 0.100693 0.100693 0.100609 0.0993443 0.0993443 0.0993234 0.0993234 0.0992402
0.100738 0.100738 0.100717 0.100717 0.100633 0.0993209 0.0993209 0.0993 0.0993 0.0992169
0.100761 0.100761 0.10074 0.10074 0.100656 0.0992975 0.0992975 0.0992766 0.0992766 0.0991937
0.100784 0.100784 0.100763 0.100763 0.10068 0.0992741 0.0992741 0.0992533 0.0992532 0.0991705
0.100808 0.100808 0.100787 0.100787 0.100703 0.0992507 0.0992507 0.09923 0.0992299 0.0991473
0.100831 0.100831 0.10081 0.10081 0.100727 0.0992274 0.0992274 0.0992067 0.0992066 0.0991242
0.100854 0.100854 0.100833 0.100833 0.10075 0.0992041 0.0992041 0.0991834 0.0991834 0.0991011
0.100877 0.100877 0.100856 0.100856 0.100773 0.0991808 0.0991808 0.0991602 0.0991602 0.0990781
0.1009 0.1009 0.100879 0.100879 0.100797 0.0991576 0.0991576 0.099137 0.099137 0.099055
0.100923 0.100923 0.100903 0.100902 0.10082 0.0991344 0.0991344 0.0991138 0.0991138 0.0990321
0.100946 0.100946 0.100926 0.100926 0.100843 0.0991112 0.0991112 0.0990907 0.0990907 0.0990091
0.100969 0.100969 0.100949 0.100949 0.100866 0.0990881 0.0990881 0.0990676 0.0990676 0.0989862
0.100992 0.100992 0.100972 0.100972 0.100889 0.099065 0.099065 0.0990446 0.0990445 0.0989633
0.101015 0.101015 0.100995 0.100995 0.100913 0.0990419 0.0990419 0.0990215 0.0990215 0.0989405
0.101038 0.101038 0.101018 0.101018 0.100936 0.0990188 0.0990188 0.0989985 0.0989985 0.0989177
0.101061 0.101061 0.101041 0.101041 0.100959 0.0989958 0.0989958 0.0989755 0.0989755 0.0988949
0.101084 0.101084 0.101064 0.101064 0.100982 0.0989728 0.0989728 0.0989526 0.0989526 0.0988721
0.101107 0.101107 0.101086 0.101086 0.101005 0.0989499 0.0989499 0.0989297 0.0989297 0.0988494
0.10113 0.10113 0.101109 0.101109 0.101028 0.0989269 0.0989269 0.0989068 0.0989068 0.0988268
0.101153 0.101152 0.101132 0.101132 0.101051 0.098904 0.098904 0.098884 0.0988839 0.0988041
0.101175 0.101175 0.101155 0.101155 0.101074 0.0988812 0.0988812 0.0988611 0.0988611 0.0987815
0.101198 0.101198 0.101178 0.101178 0.101097 0.0988583 0.0988583 0.0988384 0.0988383 0.0987589
0.101221 0.101221 0.1012 0.1012 0.10112 0.0988355 0.0988355 0.0988156 0.0988156 0.0987364
0.101243 0.101243 0.101223 0.101223 0.101143 0.0988127 0.0988127 0.0987929 0.0987929 0.0987139
0.101266 0.101266 0.101246 0.101246 0.101165 0.09879 0.09879 0.0987702 0.0987702 0.0986914
0.101288 0.101288 0.101268 0.101268 0.101188 0.0987673 0.0987673 0.0987475 0.0987475 0.0986689
0.101311 0.101311 0.101291 0.101291 0.101211 0.0987446 0.0987446 0.0987249 0.0987249 0.0986465
0.101334 0.101333 0.101313 0.101313 0.101234 0.0987219 0.0987219 0.0987023 0.0987023 0.0986241
0.101356 0.101356 0.101336 0.101336 0.101256 0.0986993 0.0986993 0.0986797 0.0986797 0.0986018
0.101378 0.101378 0.101358 0.101358 0.101279 0.0986767 0.0986767 0.0986572 0.0986572 0.0985795
0.101401 0.101401 0.101381 0.101381 0.101302 0.0986541 0.0986541 0.0986347 0.0986347 0.0985572
0.101423 0.101423 0.101403 0.101403 0.101324 0.0986316 0.0986316 0.0986122 0.0986122 0.0985349
0.101446 0.101446 0.101426 0.101426 0.101347 0.0986091 0.0986091 0.0985897 0.0985897 0.0985127
0.101468 0.101468 0.101448 0.101448 0.10137 0.0985866 0.0985866 0.0985673 0.0985673 0.0984905
0.10149 0.10149 0.10147 0.10147 0.101392 0.0985642 0.0985642 0.0985449 0.0985449 0.0984684
0.100699 0.100404 0.100399 0.100359 0.100319 0.0998231 0.0995296 0.0995193 0.0994985 0.0994482
0.100261 0.100156 0.100156 0.100114 0.100062 0.10006 0.0998307 0.0998207 0.0997896 0.0997492
0.100696 0.10041 0.10041 0.100317 0.100315 0.0998374 0.0995505 0.0995505 0.0994579 0.0994552
0.100882 0.100598 0.100598 0.100504 0.100503 0.0996483 0.0993628 0.0993628 0.0992721 0.0992683
0.101066 0.100784 0.100783 0.100691 0.100689 0.0994611 0.0991768 0.0991768 0.0990886 0.0990832
0.101248 0.100967 0.100967 0.100876 0.100874 0.0992757 0.0989925 0.0989925 0.0989075 0.0989
0.101429 0.101149 0.101148 0.10106 0.101056 0.0990921 0.0988098 0.0988098 0.0987287 0.0987185
0.101607 0.101328 0.101328 0.101242 0.101236 0.0989104 0.0986288 0.0986288 0.0985521 0.0985389
0.100467 0.100332 0.100331 0.100275 0.100237 0.0998088 0.0996732 0.0996699 0.0996177 0.0995875
0.100372 0.10024 0.100238 0.100182 0.100143 0.0999008 0.0997679 0.0997647 0.0997124 0.0996795
0.100169 0.100126 0.100122 0.10007 0.100037 0.100034 0.0999081 0.0999081 0.0998437 0.0997813
0.10043 0.100301 0.100301 0.100238 0.100176 0.0998518 0.0997232 0.0997232 0.0996591 0.099597
0.100525 0.100397 0.100397 0.100333 0.100271 0.0997562 0.0996279 0.0996279 0.0995641 0.0995024
0.100619 0.100491 0.100491 0.100428 0.100366 0.0996611 0.0995331 0.0995331 0.0994695 0.0994084
0.100713 0.100585 0.100585 0.100522 0.10046 0.0995665 0.0994387 0.0994387 0.0993755 0.099315
0.100806 0.100679 0.100679 0.100616 0.100554 0.0994724 0.0993447 0.0993447 0.0992819 0.0992223
0.100899 0.100772 0.100772 0.100709 0.100648 0.0993787 0.0992512 0.0992512 0.0991887 0.0991301
0.100991 0.100865 0.100864 0.100802 0.100742 0.0992855 0.0991581 0.0991581 0.0990961 0.0990386
0.101083 0.100957 0.100956 0.100894 0.100835 0.0991927 0.0990655 0.0990655 0.0990038 0.0989476
0.101174 0.101048 0.101048 0.100986 0.100928 0.0991004 0.0989733 0.0989733 0.0989121 0.0988572
0.101265 0.101139 0.101139 0.101077 0.10102 0.0990086 0.0988815 0.0988815 0.0988208 0.0987673
0.101355 0.101229 0.101229 0.101168 0.101112 0.0989173 0.0987901 0.0987901 0.09873 0.098678
0.101445 0.101319 0.101319 0.101259 0.101204 0.0988264 0.0986992 0.0986992 0.0986396 0.0985893
0.101535 0.101409 0.101409 0.101349 0.101295 0.098736 0.0986088 0.0986088 0.0985497 0.0985011
0.100282 0.10022 0.10022 0.100185 0.100142 0.0998614 0.0997988 0.0997986 0.0997648 0.0997262
0.100234 0.100173 0.100173 0.100138 0.100094 0.0999088 0.0998468 0.0998467 0.0998129 0.0997736
0.100139 0.100133 0.100104 0.100076 0.10006 0.0999684 0.0999072 0.099907 0.0998732 0.0998332
0.100205 0.100152 0.100152 0.100113 0.100057 0.099938 0.0998796 0.0998796 0.0998409 0.099784
0.100258 0.100199 0.100199 0.100161 0.100104 0.0998892 0.0998309 0.0998309 0.0997923 0.0997354
0.100306 0.100247 0.100247 0.100209 0.100152 0.099841 0.0997829 0.0997829 0.0997443 0.0996875
0.100353 0.100295 0.100295 0.100257 0.1002 0.099793 0.0997349 0.0997349 0.0996964 0.0996398
0.100401 0.100343 0.100343 0.100305 0.100248 0.0997451 0.0996871 0.0996871 0.0996486 0.0995922
0.100449 0.100391 0.100391 0.100352 0.100296 0.0996973 0.0996393 0.0996393 0.099601 0.0995447
0.100496 0.100438 0.100438 0.1004 0.100344 0.0996496 0.0995917 0.0995917 0.0995534 0.0994974
0.100543 0.100486 0.100486 0.100447 0.100391 0.0996021 0.0995443 0.0995443 0.0995061 0.0994502
0.10059 0.100533 0.100533 0.100495 0.100438 0.0995547 0.0994969 0.0994969 0.0994588 0.0994032
0.100638 0.10058 0.10058 0.100542 0.100486 0.0995074 0.0994496 0.0994496 0.0994116 0.0993564
0.100684 0.100627 0.100627 0.100589 0.100533 0.0994603 0.0994025 0.0994025 0.0993646 0.0993097
0.100731 0.100674 0.100674 0.100636 0.10058 0.0994132 0.0993555 0.0993555 0.0993177 0.0992631
0.100778 0.100721 0.100721 0.100683 0.100627 0.0993663 0.0993086 0.0993086 0.0992709 0.0992167
0.100824 0.100767 0.100767 0.100729 0.100674 0.0993195 0.0992618 0.0992618 0.0992243 0.0991704
0.100871 0.100814 0.100814 0.100776 0.100721 0.0992728 0.0992151 0.0992151 0.0991777 0.0991243
0.100917 0.10086 0.10086 0.100822 0.100768 0.0992263 0.0991685 0.0991685 0.0991313 0.0990783
0.100963 0.100906 0.100906 0.100869 0.100814 0.0991799 0.0991221 0.0991221 0.099085 0.0990325
0.101009 0.100952 0.100952 0.100915 0.100861 0.0991336 0.0990758 0.0990758 0.0990389 0.0989868
0.101055 0.100998 0.100998 0.100961 0.100907 0.0990874 0.0990296 0.0990296 0.0989928 0.0989412
0.101101 0.101044 0.101044 0.101007 0.100954 0.0990413 0.0989835 0.0989835 0.0989469 0.0988958
0.101147 0.10109 0.10109 0.101053 0.101 0.0989954 0.0989375 0.0989375 0.0989011 0.0988505
0.101192 0.101135 0.101135 0.101098 0.101046 0.0989495 0.0988916 0.0988916 0.0988554 0.0988053
0.101238 0.101181 0.10118 0.101144 0.101092 0.0989038 0.0988459 0.0988459 0.0988098 0.0987603
0.101283 0.101226 0.101226 0.101189 0.101138 0.0988583 0.0988003 0.0988003 0.0987643 0.0987155
0.101328 0.101271 0.101271 0.101234 0.101183 0.0988128 0.0987547 0.0987547 0.098719 0.0986707
0.101373 0.101316 0.101316 0.10128 0.101229 0.0987675 0.0987094 0.0987094 0.0986738 0.0986261
0.101418 0.101361 0.101361 0.101325 0.101275 0.0987222 0.0986641 0.0986641 0.0986287 0.0985816
0.101463 0.101406 0.101406 0.10137 0.10132 0.0986771 0.0986189 0.0986189 0.0985837 0.0985373
0.101508 0.10145 0.10145 0.101414 0.101365 0.0986321 0.0985739 0.0985739 0.0985389 0.0984931
0.100158 0.100129 0.100129 0.100109 0.100079 0.0999159 0.099887 0.0998865 0.0998674 0.09984
0.100133 0.100105 0.100104 0.100085 0.100055 0.09994 0.0999112 0.0999107 0.0998916 0.099864
0.100109 0.100081 0.100081 0.100061 0.100031 0.0999639 0.0999353 0.0999347 0.0999156 0.0998878
0.100051 0.100051 0.100046 0.100032 0.100004 0.100001 0.099974 0.099974 0.0999524 0.0999154
0.100127 0.1001 0.1001 0.100078 0.100042 0.0999484 0.0999213 0.0999213 0.0998997 0.0998626
0.100151 0.100124 0.100124 0.100103 0.100066 0.0999241 0.099897 0.099897 0.0998755 0.0998384
0.100175 0.100148 0.100148 0.100127 0.10009 0.0998999 0.0998729 0.0998729 0.0998513 0.0998143
0.100199 0.100172 0.100172 0.100151 0.100114 0.0998757 0.0998487 0.0998487 0.0998272 0.0997902
0.100224 0.100197 0.100197 0.100175 0.100138 0.0998516 0.0998246 0.0998246 0.0998031 0.0997661
0.100248 0.100221 0.100221 0.100199 0.100162 0.0998275 0.0998005 0.0998005 0.099779 0.0997421
